10100110111101100111111001001110
10000100100100000101010
11111001100001000010000
11000001101000010010000
10001000011011110
1111000010110101000001
1101110001001101010000
1010110010001100100100
101111011001101100010
1110111001101101000000
100000111101001100011000
111111111110010011000
1110001011101101100110
1001110100101011111100
1100110001010110
11100111111001011111000
101000110000111000101010
1001100000101110010010
1011111110111011100000
1101011111010010
101000100010101000001111
10110100001010010001000
100100101000001010110001
10010000001010101101000
100000000100111101000010
100111110101010111011000
11101010101101101000000
10111001101110111101111
1111110001000110100000
100001111100000100100000
1110000110010110
10101000010101000000
100000001001001111010000
10111001110111110000000
100001011000011000110000
100001010100110000101000
100101011100111111010100
1001011111001100000
1001001101110110110
101101011011010
100010110010011100
1110000000111
1110000110111010
11110011011010011100
111000000110110010000
1000110000001010110010
100001111100100110111000
1111011001110110
11111110000101111011000
1000101011000010010010
100101100010111111000101
10011111110100001000
11001000000100010010110
10010100111101101
100011011101111101001111
1111111100111111100111
11100010001000011011110
1011100010010101011000
1010011101011000100011
1000111101101110111110
10101000010100011110110
10101001010111110
1010011110101100111110
10010101010001011010000
1001101101011100000010
100100000100100000001100
1101010101001111010001
11101100000110111110100
1010000010011100000000
100010000110010001000011
101110101100110
1110001000011001010
110111101100011100
1100111101100101
100100010010010000000111
1000111101110000011000
101110010000100100000
10001110100000111011
100111011110010111110000
1101011101011010001010
100010011100010011000000
11000001100111100
10111011010111011
1111100000111000001110
10101111110001001001000
10100100111000011100010
1111000000001100
100101111111101011110101
11010111011011000000
100100111111101010111100
10101111001000110001111
1001010001000011110001
10011111111000001010000
10101111111110000
11001110111010101010000
111110100000111100000
11000010010010001010110
1001001111000010011010
100100001010111011000000
100101101100111011101001
11011011111010011101000
1001011100101100010
1001010111010100111000
10100101101010011100100
111001011011101
1100011001011000111
1011011000110111110
10011000101001001
11101000110101001110010
10001110101011011111010
1001001110011100000000
100111111110111011111110
1010010101000110100000
100110010111101100011000
11100110111011000110100
101110101011111000
10001100110001101
100010110101100000110000
100100111101101111110100
1111001100010000011010
10111101100110111
10101101110011100100100
11110100000001010010000
11011001011010000000110
10000001011000101
1010101001110010000100
11110001010001111010001
10101001011101010000111
11100100010000111010101
10100111011011001
100010101101110110011110
11001011000100000000
100101000110010011011110
100010110110111001101111
100111111010000
111011010100000000
10000110100010
10011011011110001
1001110001001110000000
100001011011100010011101
1110011001011001
100101110001101000111010
110101111100100110000
101001001111001110010110
1111011010100000
1011110010110110110110
1111101110101011010110
10111100000001101
11000000011100101001000
1101111000111101
100101000010111111000100
11100111001001101110001
10001011101110100010000
101000001011011111110010
101011011010101000100
110100010100001000
10110110011101011
10001011111000110011000
1111010011111110011011
1000101000001111000000
10100010001111110010100
11010101101110111011110
111100101110010100
1000010011001100
11100111000011000
100011010000010010
1110001110011110
11001110000011100000000
1101111100111110110000
10101010001110000
10110111100100100001000
11100011000111010010110
11100010110110111110000
100110111001001101010000
1010010100000111001100
100101111001110010000
10010001001011101010110
1101101110101110
10100001101001000
111100101011010101101
10010000011001100010011
100010111100000100
10111110001011011110
10010010011011010
10011001000010001000000
11010011001101010000000
101000010001010011011100
111101100100011111
1111100010111101
110000011100110010
10001100110010000
11111111110001000010
11100111010100000000011
1100011000011111111110
1100111110100010100010
10111101101010101011000
10001100000001110
11010001000001011001001
100000100110010101000
110001001111111100100
111110101101011100
1010111011010100010000
101000100011010100101000
11010000010000101011000
10110010101110011101000
1000110111011011000000
1111000010110001001100
110001001000001
111101111100110010
110100100110011111
10000100001000010
11010111000000111110111
1011010000010110100000
10110001000101100001110
101000000011000100111010
1010001001001011101100
1010000001011000111
10010010011011011
1110011101000000010100
10000000011110101001001
1101001011011010
1001111101110000011010
100011101101001101101010
10001000000101011110000
11101011010001101001010
1100110111011100000000
1111100100011010101000
10011011011010010
11011100001101110000000
1011011001010110100
10001111101001011
100110111101101011000000
1111000000001111110000
10010100011111011011010
10011000111110100
100111111100001001100000
10111011011001100000000
100111000101100000100000
1000101001110010000
10000010110110001110000
1000010010111011001
10111100110000101010100
11010000000010100011111
1001101000101101010100
10100010000100111
100110110011100110000000
10110110100011001000000
10110100010000100110
100011110011100010100000
10100111111101011000
10010100111011100010100
10000011100111100000000
100001001011001101110000
11001100101101111101100
11100110111000011001100
11101011001010101011110
1100010101010110000000
10110100100011101101000
1100010010010101000000
10010100001011110
111011100111000000
1011011110111010000000
110111010001101000100
100100010100110010111000
11111110011011010100001
1101000110010101
10000001110000100111000
100011111000000101101100
11100010001100000010110
1011110110111101001000
11011110011001010000000
101001100111000010101010
100111111101010101011010
11000111001011101010100
1101000000011010011000
10001111000000100101000
