111011101010100011011101000011
1011100100001010110
1101011010100100000
1000011110010000000
10101010011100101
101111110100110000
1110011001110100000
1100111000011000110
1010110100001
101101110100100000
1000100000111011110
1001101001011100000
1100001011100000001
101100011010000
111011101110010
1110110001000100011
1011000111000100100
111010100111001011
1001010001101101010
10110111110010000
1110011110010001010
1010001110110101000
1010010001000001110
111000000101100000
1110111100101001100
1101010110010100110
1101011010101001100
101001000111011010
1010001011000000100
1011011001010011000
1011101100111000000
10000100101101011000
1000010110100001100
10000101100001100
